0 0.383607 0.667213 0.104918 0.291803
0 0.487705 0.658197 0.086885 0.277049
0 0.580328 0.649180 0.085246 0.268852
0 0.672951 0.654918 0.093443 0.273770
0 0.189344 0.629508 0.109836 0.239344
0 0.095082 0.630328 0.088525 0.244262
0 0.036885 0.633607 0.073770 0.221311
0 0.088525 0.488525 0.075410 0.078689
0 0.174590 0.488525 0.067213 0.068852
0 0.261475 0.491803 0.073770 0.068852
0 0.872951 0.662295 0.142623 0.259016
0 0.972951 0.666393 0.054098 0.263934
0 0.777049 0.554098 0.098361 0.183607
0 0.868852 0.502459 0.068852 0.057377
0 0.946721 0.498361 0.054098 0.059016
0 0.622131 0.488525 0.073770 0.059016
0 0.554098 0.491803 0.068852 0.049180
0 0.482787 0.487705 0.057377 0.054098
0 0.421311 0.494262 0.059016 0.060656