0 0.304098 0.781148 0.247541 0.401639
0 0.446721 0.798361 0.293443 0.386885
0 0.714754 0.831148 0.400000 0.337704
0 0.345902 0.489344 0.131148 0.119672
0 0.246721 0.446721 0.090164 0.077049
0 0.177869 0.412295 0.077049 0.063934
0 0.143443 0.611475 0.149180 0.314754
0 0.050000 0.545082 0.070492 0.224590
0 0.509836 0.585246 0.163934 0.170492
0 0.657377 0.605738 0.190164 0.149180
0 0.856557 0.677869 0.270492 0.155738
0 0.491803 0.453279 0.154098 0.136066
0 0.377869 0.429508 0.077049 0.118033
0 0.656557 0.475410 0.126230 0.104918
0 0.082787 0.395082 0.096721 0.059016