0 0.090984 0.587705 0.172131 0.149180
0 0.261475 0.595902 0.152459 0.162295
0 0.446721 0.609016 0.172131 0.159016
0 0.418033 0.813115 0.275410 0.262295
0 0.128689 0.803279 0.221311 0.268852
0 0.804098 0.548361 0.172131 0.093443
0 0.940984 0.846721 0.118032 0.306557
0 0.893443 0.683607 0.213114 0.226230
0 0.464754 0.540984 0.149180 0.111475
0 0.327049 0.524590 0.122951 0.085246
0 0.181967 0.515574 0.150820 0.080328
0 0.254918 0.467213 0.113115 0.052459
0 0.365574 0.468852 0.118033 0.055738
0 0.471311 0.472131 0.145902 0.032787
0 0.300820 0.431148 0.116393 0.036066
0 0.399180 0.438525 0.103279 0.031148
0 0.490164 0.440984 0.098361 0.022951
0 0.751639 0.480328 0.116393 0.045902
0 0.863115 0.489344 0.113115 0.054098