0 0.149180 0.713934 0.298360 0.181967
0 0.311475 0.608197 0.150820 0.098361
0 0.175410 0.571311 0.108197 0.100000
0 0.048361 0.556557 0.090164 0.100000
0 0.136885 0.502459 0.093443 0.067213
0 0.238525 0.509016 0.063934 0.044262
0 0.359016 0.521311 0.088525 0.059016
0 0.664754 0.634426 0.142623 0.095082
0 0.826230 0.636885 0.140984 0.070492
0 0.706557 0.800000 0.242623 0.186885
0 0.922951 0.808197 0.154098 0.236066
0 0.809836 0.931148 0.350820 0.137704
0 0.127049 0.928689 0.254098 0.142622
0 0.650000 0.550000 0.116393 0.060656
0 0.790164 0.557377 0.147541 0.045902