0 0.294262 0.798361 0.309836 0.249180
0 0.533607 0.555738 0.145902 0.203279
0 0.742623 0.748361 0.226230 0.424590
0 0.936885 0.835246 0.126230 0.329508
0 0.166393 0.469672 0.227869 0.277049
0 0.357377 0.402459 0.245902 0.195082
0 0.457377 0.322131 0.193443 0.129508
0 0.529508 0.274590 0.186885 0.103279
0 0.666393 0.417213 0.168852 0.116393
0 0.807377 0.486885 0.152459 0.190164
0 0.934426 0.553279 0.131148 0.214754
0 0.951639 0.436066 0.096721 0.134426
0 0.837705 0.390984 0.088525 0.103279
0 0.729508 0.351639 0.111475 0.109836
0 0.110656 0.275410 0.090164 0.108197
0 0.219672 0.248361 0.111475 0.083607
0 0.299180 0.243443 0.080328 0.073770
0 0.870492 0.293443 0.259016 0.108197